1, 0.1, 0, 0.05, 0, 0, 0
1025, 1.3, 0.2, 0.490643, 0.098538, 0, 0
2049, 2.2, 0.2, 0.918, 0.105951, 0, 0
3073, 85.5, 0.6, 1.38842, 0.109206, 0, 0
4097, 10.3, 0.2, 1.78702, 0.109395, 0, 0
5121, 9, 46.9, 2.21927, 0.120344, 0, 0
6145, 9.9, 0.3, 2.59268, 0.110576, 0, 0
7169, 25.8, 5.6, 3.01516, 0.11159, 0, 0
8193, 25.9, 0.2, 3.45222, 0.114401, 0, 0
9217, 101, 0.3, 4.03014, 0.115611, 0, 0
10241, 27.4, 0.9, 4.40049, 0.116989, 0, 0
11265, 31.9, 5.8, 4.82283, 0.119155, 0, 0
12289, 37.3, 0.7, 5.23399, 0.119479, 0, 0
13313, 88.4, 0.4, 5.65745, 0.119776, 0, 0
14337, 180.8, 3.5, 6.16016, 0.123406, 0, 0
15361, 89.1, 30.6, 6.51399, 0.125967, 0, 0
16385, 76, 0.4, 6.873, 0.124381, 0, 0
17409, 48, 21.6, 7.29274, 0.125893, 0, 0
18433, 32.2, 0.7, 7.70039, 0.124829, 0, 0
19457, 31.9, 0.3, 8.17416, 0.126287, 0, 0
20481, 92.8, 70.8, 8.67568, 0.132082, 0, 0
21505, 56.7, 0.3, 8.96687, 0.126527, 0, 0
22529, 109.1, 30, 9.4532, 0.129534, 0, 0
23553, 40.2, 0.4, 9.81582, 0.128241, 0, 0
24577, 39, 0.4, 10.2358, 0.129205, 0, 0
25601, 112.7, 0.7, 10.6979, 0.129552, 0, 0
26625, 48, 0.7, 11.0949, 0.129287, 0, 0
27649, 59, 24.1, 11.5115, 0.132148, 0, 0
28673, 39.9, 0.7, 11.953, 0.131084, 0, 0
29697, 112.6, 4.6, 12.4441, 0.132952, 0, 0
30721, 95.3, 7.5, 12.825, 0.133491, 0, 0
31745, 78.8, 0.3, 13.1599, 0.13213, 0, 0
32769, 101.4, 37.6, 13.84, 0.139167, 0, 0
33793, 83, 37.7, 14.0433, 0.135699, 0, 0
34817, 118.5, 17.4, 14.5272, 0.136116, 0, 0
35841, 105.6, 0.8, 15.0722, 0.136753, 0, 0
36865, 52.8, 3.5, 15.3228, 0.135545, 0, 0
37889, 309.8, 6.5, 15.8935, 0.137672, 0, 0
38913, 87.5, 4.3, 16.1852, 0.135401, 0, 0
39937, 52.2, 1.3, 16.5174, 0.134859, 0, 0
40961, 111.6, 48.8, 17.0519, 0.137366, 0, 0
41985, 108.5, 4, 17.4448, 0.136434, 0, 0
43009, 579.3, 11.9, 18.0003, 0.137812, 0, 0
44033, 83.8, 1, 18.2572, 0.136753, 0, 0
45057, 124, 21.5, 18.8562, 0.139261, 0, 0
46081, 151.7, 29.8, 19.1174, 0.138052, 0, 0
47105, 123.6, 3.9, 19.6257, 0.13853, 0, 0
48129, 125, 9.5, 20.0352, 0.139547, 0, 0
49153, 111.1, 6.5, 20.3898, 0.139004, 0, 0
50177, 749.1, 2.1, 20.9639, 0.139517, 0, 0
51201, 132.3, 3.8, 21.2834, 0.138684, 0, 0
52225, 299.2, 1, 21.7345, 0.139729, 0, 0
53249, 121.6, 19.5, 22.1098, 0.139808, 0, 0
54273, 123, 7.5, 22.445, 0.139387, 0, 0
55297, 123.4, 4.1, 22.9665, 0.139938, 0, 0
56321, 128, 17.6, 23.5507, 0.141751, 0, 0
57345, 185.4, 3.6, 23.8972, 0.141126, 0, 0
58369, 133.1, 17.1, 24.2246, 0.141838, 0, 0
59393, 126.2, 10.2, 24.6029, 0.140765, 0, 0
60417, 185.1, 3.9, 25.2234, 0.142287, 0, 0
61441, 139.8, 12.2, 25.4414, 0.141115, 0, 0
62465, 116.3, 1.1, 25.8043, 0.141301, 0, 0
63489, 145.7, 6.2, 26.5762, 0.144393, 0, 0
64513, 131.5, 16.7, 26.6804, 0.14161, 0, 0
65537, 145.1, 4.2, 27.1725, 0.144029, 0, 0
66561, 121.5, 8.4, 27.615, 0.142754, 0, 0
67585, 146.5, 5.6, 28.101, 0.143568, 0, 0
68609, 149.8, 16.9, 28.4348, 0.143587, 0, 0
69633, 112.1, 3.4, 28.8888, 0.142034, 0, 0
70657, 172.8, 34.1, 29.3227, 0.143667, 0, 0
71681, 273.1, 18, 29.7088, 0.143535, 0, 0
72705, 162.9, 7.1, 30.3556, 0.144863, 0, 0
73729, 133.8, 18.7, 30.5353, 0.14352, 0, 0
74753, 153.3, 5.1, 30.9983, 0.143442, 0, 0
75777, 428.8, 48.1, 31.5455, 0.145003, 0, 0
76801, 165.8, 20.2, 31.8274, 0.144349, 0, 0
77825, 183.2, 72.1, 32.4311, 0.145435, 0, 0
78849, 135.1, 34.7, 32.6416, 0.144096, 0, 0
79873, 183.3, 24.5, 33.2522, 0.146426, 0, 0
80897, 147.1, 5.2, 33.5902, 0.145522, 0, 0
81921, 149, 18.9, 34.0796, 0.146708, 0, 0
82945, 144.8, 20.3, 34.4885, 0.146409, 0, 0
83969, 165.9, 20.6, 34.9165, 0.146314, 0, 0
84993, 169.7, 5.5, 35.3381, 0.146227, 0, 0
86017, 186.1, 20.4, 35.7932, 0.147395, 0, 0
87041, 219, 44.3, 36.2372, 0.147436, 0, 0
88065, 158.4, 37.8, 36.5947, 0.147447, 0, 0
89089, 277.2, 55.4, 37.0617, 0.147934, 0, 0
90113, 197.3, 4.8, 37.4634, 0.147262, 0, 0
91137, 180.7, 17.1, 37.8085, 0.146724, 0, 0
92161, 191.5, 23, 38.1582, 0.146023, 0, 0
93185, 193.8, 40.8, 38.6138, 0.146245, 0, 0
94209, 235.7, 64.8, 39.2305, 0.1482, 0, 0
95233, 172.3, 4.6, 39.4067, 0.146457, 0, 0
96257, 174.3, 18.4, 39.8974, 0.147779, 0, 0
97281, 213.1, 17.2, 40.4566, 0.148117, 0, 0
98305, 207.1, 66.9, 40.7197, 0.148339, 0, 0
99329, 206.6, 32.2, 41.1595, 0.148228, 0, 0
100353, 169.9, 4.2, 41.5959, 0.148194, 0, 0
101377, 241, 9.1, 42.1299, 0.148025, 0, 0
102401, 154.1, 8.6, 42.3998, 0.147969, 0, 0
103425, 227.3, 66.3, 42.8894, 0.149003, 0, 0
104449, 543.9, 4.1, 43.2955, 0.148471, 0, 0
105473, 204.7, 81.1, 43.7758, 0.149928, 0, 0
106497, 190.5, 22.5, 44.0377, 0.148101, 0, 0
107521, 184.1, 16, 44.5177, 0.148796, 0, 0
108545, 206.4, 16.4, 44.9431, 0.148938, 0, 0
109569, 371.9, 78.5, 45.444, 0.150845, 0, 0
110593, 187.1, 38, 45.842, 0.149933, 0, 0
111617, 275.6, 19, 46.2883, 0.150057, 0, 0
112641, 210, 18.4, 46.6779, 0.15063, 0, 0
113665, 694.7, 17.1, 47.1051, 0.150892, 0, 0
114689, 205.1, 88.2, 47.5589, 0.151365, 0, 0
115713, 238.3, 16.8, 47.9786, 0.151919, 0, 0
116737, 233.1, 24.1, 48.4858, 0.152185, 0, 0
117761, 280.8, 5.1, 48.9687, 0.152237, 0, 0
118785, 571.9, 20.1, 49.1748, 0.152387, 0, 0
119809, 267.3, 10.5, 50.1307, 0.152798, 0, 0
120833, 263.2, 19.9, 50.9379, 0.152662, 0, 0
121857, 273.1, 17.2, 51.2126, 0.153839, 0, 0
122881, 263.2, 6.6, 52.3456, 0.154875, 0, 0
123905, 223.1, 13.4, 51.3644, 0.154399, 0, 0
124929, 478.7, 22.1, 52.8362, 0.154956, 0, 0
125953, 195.5, 37.8, 52.1619, 0.154887, 0, 0
126977, 305.9, 71.2, 52.6032, 0.157138, 0, 0
128001, 219.7, 72.1, 53.0794, 0.15646, 0, 0
129025, 278.4, 8.3, 53.5625, 0.155784, 0, 0
130049, 269.8, 32.4, 53.8385, 0.15537, 0, 0
131073, 513.1, 75.3, 54.3875, 0.158076, 0, 0
132097, 221.4, 4.8, 54.7404, 0.157064, 0, 0
133121, 221.6, 66.9, 55.3002, 0.158953, 0, 0
134145, 246.7, 64.2, 55.5518, 0.158881, 0, 0
135169, 279.1, 23.5, 55.9621, 0.157941, 0, 0
136193, 269.9, 9.5, 56.5207, 0.15838, 0, 0
137217, 330.5, 21.6, 56.9473, 0.159536, 0, 0
138241, 463.8, 19.5, 57.3649, 0.158575, 0, 0
139265, 536.1, 19.8, 58.1376, 0.158455, 0, 0
140289, 342.5, 34.4, 58.2752, 0.159814, 0, 0
141313, 294.3, 113.3, 58.6461, 0.160865, 0, 0
142337, 424.6, 16.9, 59.1597, 0.159732, 0, 0
143361, 295.9, 100.9, 59.6539, 0.160964, 0, 0
144385, 445.4, 35.3, 60.2686, 0.161338, 0, 0
145409, 310.1, 24.8, 60.7231, 0.161408, 0, 0
146433, 351.5, 8.8, 61.3361, 0.161659, 0, 0
147457, 346.3, 74.9, 61.7262, 0.161977, 0, 0
148481, 414.3, 75.9, 61.7458, 0.163462, 0, 0
149505, 311.9, 28.9, 62.5484, 0.162245, 0, 0
150529, 325.1, 9.5, 63.2997, 0.162455, 0, 0
151553, 354.1, 39, 63.4386, 0.16367, 0, 0
152577, 427, 24.9, 64.1439, 0.162917, 0, 0
153601, 352.3, 33.1, 64.1018, 0.163488, 0, 0
154625, 355.7, 64.4, 65.0443, 0.163362, 0, 0
155649, 342.6, 20.1, 66.9078, 0.163967, 0, 0
156673, 335.7, 21.7, 66.6358, 0.163695, 0, 0
157697, 386.4, 30.6, 66.1753, 0.164521, 0, 0
158721, 418, 24.3, 67.3672, 0.164614, 0, 0
159745, 528, 28.5, 66.9455, 0.165188, 0, 0
160769, 365, 58.9, 70.374, 0.165377, 0, 0
161793, 348, 9.8, 69.3041, 0.16532, 0, 0
162817, 412.9, 70.8, 69.3724, 0.166383, 0, 0
163841, 385.7, 30.9, 70.2579, 0.167671, 0, 0
164865, 401.9, 48.4, 70.9006, 0.167186, 0, 0
165889, 629.9, 38.5, 71.3253, 0.166879, 0, 0
166913, 369.7, 70, 71.4817, 0.167045, 0, 0
167937, 392.7, 18.5, 70.7404, 0.168032, 0, 0
168961, 377.8, 22.5, 74.2157, 0.167661, 0, 0
169985, 418.5, 17.3, 75.4463, 0.167251, 0, 0
171009, 364.7, 7.2, 75.0287, 0.166782, 0, 0
172033, 383.4, 11.9, 77.0897, 0.168218, 0, 0
173057, 719.3, 38.1, 76.6355, 0.167919, 0, 0
174081, 374.7, 22, 76.1267, 0.168515, 0, 0
175105, 547.1, 18.4, 78.6442, 0.168966, 0, 0
176129, 420.9, 20.5, 79.4331, 0.16906, 0, 0
177153, 622.5, 33.5, 78.7522, 0.16988, 0, 0
178177, 447.3, 21.9, 80.3255, 0.169596, 0, 0
179201, 462.3, 23.9, 82.9156, 0.169792, 0, 0
180225, 411.1, 19.5, 81.3473, 0.170179, 0, 0
181249, 402.2, 19.6, 80.6512, 0.170024, 0, 0
182273, 439.3, 4.3, 82.6491, 0.169811, 0, 0
183297, 446.1, 72.2, 83.5729, 0.170565, 0, 0
184321, 887.4, 64.5, 83.1061, 0.171082, 0, 0
185345, 424.1, 7.3, 84.4123, 0.170134, 0, 0
186369, 543.3, 6.7, 84.2534, 0.170608, 0, 0
187393, 578.8, 20.2, 86.1168, 0.171398, 0, 0
188417, 624.3, 13.8, 85.6203, 0.171174, 0, 0
189441, 454.2, 119.9, 88.2472, 0.172342, 0, 0
190465, 1419.9, 18.1, 87.4203, 0.171513, 0, 0
191489, 464.5, 22.4, 89.309, 0.17142, 0, 0
192513, 724, 20.3, 87.592, 0.172416, 0, 0
193537, 732.3, 66.4, 89.2579, 0.174698, 0, 0
194561, 463.1, 20.8, 89.9246, 0.173034, 0, 0
195585, 472.2, 71.3, 90.9736, 0.173796, 0, 0
196609, 484.4, 21.6, 90.1334, 0.174503, 0, 0
197633, 608.5, 18.6, 94.5553, 0.173581, 0, 0
198657, 603, 62.5, 93.1065, 0.173988, 0, 0
199681, 458.4, 20.4, 95.3514, 0.173141, 0, 0
200705, 472.7, 22.4, 97.1226, 0.173903, 0, 0
201729, 462.2, 69.2, 92.1679, 0.174444, 0, 0
202753, 546.2, 24.3, 97.7126, 0.173789, 0, 0
203777, 595.6, 70.8, 96.6136, 0.174399, 0, 0
204801, 493.6, 16.5, 95.7576, 0.174427, 0, 0
205825, 497.3, 43, 98.189, 0.174504, 0, 0
206849, 500.7, 30.2, 96.6274, 0.174926, 0, 0
207873, 490.2, 17.9, 101.725, 0.17462, 0, 0
208897, 492.9, 69.6, 100.207, 0.175479, 0, 0
209921, 510, 37.9, 91.8072, 0.176687, 0, 0
210945, 559.8, 22.1, 93.7884, 0.176736, 0, 0
211969, 530, 20.1, 92.6309, 0.176388, 0, 0
212993, 513.6, 50.1, 92.4213, 0.178184, 0, 0
214017, 538.7, 60.8, 94.5902, 0.179987, 0, 0
215041, 592.1, 67, 103.324, 0.176833, 0, 0
216065, 492.2, 61.1, 104.755, 0.17665, 0, 0
217089, 499, 17.7, 103.7, 0.176549, 0, 0
218113, 554.4, 20.6, 105.614, 0.177016, 0, 0
219137, 537.8, 22.1, 106.314, 0.177283, 0, 0
220161, 539.2, 46.8, 107.596, 0.177032, 0, 0
221185, 548.4, 45.3, 111.675, 0.178259, 0, 0
222209, 509.5, 19.9, 108.686, 0.177861, 0, 0
223233, 603.1, 45.4, 108.692, 0.177928, 0, 0
224257, 546.1, 24, 110.032, 0.178143, 0, 0
225281, 587.4, 33.3, 108.508, 0.179179, 0, 0
226305, 585.3, 69.1, 110.304, 0.17925, 0, 0
227329, 568, 35.6, 112.155, 0.17991, 0, 0
228353, 546.8, 38.1, 103.687, 0.179814, 0, 0
229377, 559.2, 21.7, 101.659, 0.182488, 0, 0
230401, 589.8, 71.7, 103.771, 0.181635, 0, 0
231425, 570.1, 93.6, 105.711, 0.180992, 0, 0
232449, 549.4, 41.9, 120.528, 0.180068, 0, 0
233473, 584.6, 92.2, 119.677, 0.181588, 0, 0
234497, 531.5, 68.9, 119.627, 0.180401, 0, 0
235521, 588.4, 21.9, 119.549, 0.180253, 0, 0
236545, 569.4, 41.2, 116.712, 0.181239, 0, 0
237569, 585.9, 8.7, 115.803, 0.18073, 0, 0
238593, 585.7, 71.6, 108.614, 0.181925, 0, 0
239617, 612.2, 122.3, 111.353, 0.182265, 0, 0
240641, 606.6, 19.5, 109.769, 0.181207, 0, 0
241665, 566.7, 32.7, 119.287, 0.182103, 0, 0
242689, 607.3, 36.5, 124.701, 0.182137, 0, 0
243713, 645.5, 64.2, 120.48, 0.182565, 0, 0
244737, 1195.6, 69.7, 129.795, 0.183029, 0, 0
245761, 594.1, 9.2, 125.46, 0.184426, 0, 0
246785, 580, 62.6, 123.005, 0.183433, 0, 0
247809, 737.6, 32, 124.735, 0.183867, 0, 0
248833, 557, 6.2, 128.052, 0.184567, 0, 0
249857, 738.9, 75.5, 124.215, 0.186707, 0, 0
250881, 599.2, 43.5, 130.554, 0.18548, 0, 0
251905, 624.4, 80.1, 127.085, 0.186803, 0, 0
252929, 602.3, 32.8, 131.044, 0.186412, 0, 0
253953, 623.4, 50.3, 136.334, 0.187276, 0, 0
254977, 639.5, 22.3, 130.214, 0.186738, 0, 0
256001, 1648.8, 20.4, 134.353, 0.187181, 0, 0
257025, 631, 128.8, 131.704, 0.187909, 0, 0
258049, 642.1, 37.7, 117.941, 0.189491, 0, 0
259073, 628.1, 20.2, 122.617, 0.187893, 0, 0
260097, 671.5, 33.6, 108.48, 0.223141, 0, 0
261121, 686.5, 99.1, 110.859, 0.220719, 0, 0
262145, 644.7, 128.8, 112.196, 0.237777, 0, 0
263169, 645.7, 53, 112.094, 0.222053, 0, 0
264193, 638.8, 54.7, 113.168, 0.219738, 0, 0
265217, 634.6, 60.6, 113.653, 0.219851, 0, 0
266241, 668.9, 34.7, 113.646, 0.219138, 0, 0
267265, 1247.7, 102.9, 114.355, 0.219471, 0, 0
268289, 656.3, 72.4, 114.194, 0.219824, 0, 0
269313, 643.9, 89.8, 115.275, 0.222628, 0, 0
270337, 652.2, 35.6, 116.046, 0.219177, 0, 0
271361, 692.3, 44.7, 116.687, 0.219641, 0, 0
272385, 658.5, 57, 118.82, 0.211207, 0, 0
273409, 614, 111.4, 119.019, 0.213432, 0, 0
274433, 666.6, 105.5, 119.652, 0.212258, 0, 0
275457, 2611.9, 35.7, 120.349, 0.21367, 0, 0
276481, 826.4, 180.3, 119.827, 0.211942, 0, 0
277505, 984.2, 288.6, 120.696, 0.21359, 0, 0
278529, 667.8, 79, 121.457, 0.213256, 0, 0
279553, 669.7, 114.8, 122.509, 0.212941, 0, 0
280577, 660.2, 37.7, 123.384, 0.211303, 0, 0
281601, 696.1, 121.2, 125.32, 0.211606, 0, 0
282625, 687.8, 57.7, 124.778, 0.213679, 0, 0
283649, 707.1, 67, 125.515, 0.212965, 0, 0
284673, 683.1, 56.6, 127.184, 0.216874, 0, 0
285697, 698.4, 117.5, 125.524, 0.212688, 0, 0
286721, 675.2, 54.7, 125.437, 0.212487, 0, 0
287745, 1249.4, 36.8, 126.803, 0.2149, 0, 0
288769, 903, 75.6, 128.675, 0.215465, 0, 0
